#==========================================================================
# Data GRID describing distribution of cosine and sine functions
# from 0.0 to PI. First column
#==========================================================================
#! {
#!         "model": "GGCOS_011G",
#!     "reference": "A.B. et al, PRL",
#!    "web-source": "http://aaa.html",
#!       "formula": "$sf1=2.0+\\cos\\alpha+\\sin\\beta$",
#!     "variables": ["TRIG_PLUS","TRIG_TIMES"],
#!          "axis": [
#!           	  { "name": "alpha", "bins": 25, "min": 0.0, "max": 3.14 , "description" : "alpha angle" },
#!           	  { "name": "beta" , "bins": 25, "min": 0.0, "max": 3.14 , "description" : "beta angle" }
#!       		  ],
#!   "parameters": [
#!            	 {"name":"p0", "value": 2.0}
#!       ]
#! }
#=========================================================================
  0.0628   0.0628   3.0608   2.0626
  0.0628   0.1884   3.1853   2.1869
  0.0628   0.3140   3.3069   2.3083
  0.0628   0.4396   3.4236   2.4247
  0.0628   0.5652   3.5336   2.5345
  0.0628   0.6908   3.6352   2.6359
  0.0628   0.8164   3.7267   2.7272
  0.0628   0.9420   3.8068   2.8071
  0.0628   1.0676   3.8741   2.8743
  0.0628   1.1932   3.9276   2.9277
  0.0628   1.3188   3.9664   2.9665
  0.0628   1.4444   3.9901   2.9901
  0.0628   1.5700   3.9980   2.9980
  0.0628   1.6956   3.9903   2.9903
  0.0628   1.8212   3.9668   2.9669
  0.0628   1.9468   3.9282   2.9283
  0.0628   2.0724   3.8748   2.8751
  0.0628   2.1980   3.8077   2.8081
  0.0628   2.3236   3.7278   2.7283
  0.0628   2.4492   3.6364   2.6371
  0.0628   2.5748   3.5350   2.5359
  0.0628   2.7004   3.4250   2.4262
  0.0628   2.8260   3.3084   2.3098
  0.0628   2.9516   3.1869   2.1885
  0.0628   3.0772   3.0624   2.0642
  0.1884   0.0628   3.0451   2.0616
  0.1884   0.1884   3.1696   2.1840
  0.1884   0.3140   3.2912   2.3034
  0.1884   0.4396   3.4079   2.4180
  0.1884   0.5652   3.5179   2.5261
  0.1884   0.6908   3.6195   2.6259
  0.1884   0.8164   3.7110   2.7158
  0.1884   0.9420   3.7910   2.7944
  0.1884   1.0676   3.8584   2.8605
  0.1884   1.1932   3.9119   2.9131
  0.1884   1.3188   3.9507   2.9513
  0.1884   1.4444   3.9743   2.9745
  0.1884   1.5700   3.9823   2.9823
  0.1884   1.6956   3.9745   2.9747
  0.1884   1.8212   3.9511   2.9517
  0.1884   1.9468   3.9124   2.9137
  0.1884   2.0724   3.8591   2.8613
  0.1884   2.1980   3.7920   2.7953
  0.1884   2.3236   3.7121   2.7169
  0.1884   2.4492   3.6207   2.6271
  0.1884   2.5748   3.5192   2.5274
  0.1884   2.7004   3.4093   2.4195
  0.1884   2.8260   3.2927   2.3049
  0.1884   2.9516   3.1712   2.1855
  0.1884   3.0772   3.0467   2.0632
  0.3140   0.0628   3.0139   2.0597
  0.3140   0.1884   3.1384   2.1781
  0.3140   0.3140   3.2600   2.2938
  0.3140   0.4396   3.3767   2.4048
  0.3140   0.5652   3.4867   2.5094
  0.3140   0.6908   3.5883   2.6060
  0.3140   0.8164   3.6798   2.6931
  0.3140   0.9420   3.7598   2.7692
  0.3140   1.0676   3.8272   2.8332
  0.3140   1.1932   3.8807   2.8841
  0.3140   1.3188   3.9195   2.9211
  0.3140   1.4444   3.9431   2.9435
  0.3140   1.5700   3.9511   2.9511
  0.3140   1.6956   3.9433   2.9437
  0.3140   1.8212   3.9199   2.9214
  0.3140   1.9468   3.8812   2.8847
  0.3140   2.0724   3.8279   2.8339
  0.3140   2.1980   3.7608   2.7701
  0.3140   2.3236   3.6809   2.6941
  0.3140   2.4492   3.5895   2.6072
  0.3140   2.5748   3.4880   2.5107
  0.3140   2.7004   3.3781   2.4061
  0.3140   2.8260   3.2615   2.2952
  0.3140   2.9516   3.1400   2.1796
  0.3140   3.0772   3.0155   2.0612
  0.4396   0.0628   2.9677   2.0568
  0.4396   0.1884   3.0922   2.1695
  0.4396   0.3140   3.2138   2.2795
  0.4396   0.4396   3.3305   2.3851
  0.4396   0.5652   3.4405   2.4847
  0.4396   0.6908   3.5421   2.5766
  0.4396   0.8164   3.6336   2.6594
  0.4396   0.9420   3.7137   2.7318
  0.4396   1.0676   3.7810   2.7928
  0.4396   1.1932   3.8345   2.8412
  0.4396   1.3188   3.8733   2.8763
  0.4396   1.4444   3.8969   2.8977
  0.4396   1.5700   3.9049   2.9049
  0.4396   1.6956   3.8971   2.8979
  0.4396   1.8212   3.8737   2.8767
  0.4396   1.9468   3.8351   2.8417
  0.4396   2.0724   3.7817   2.7934
  0.4396   2.1980   3.7146   2.7327
  0.4396   2.3236   3.6347   2.6604
  0.4396   2.4492   3.5433   2.5777
  0.4396   2.5748   3.4419   2.4859
  0.4396   2.7004   3.3319   2.3864
  0.4396   2.8260   3.2153   2.2809
  0.4396   2.9516   3.0938   2.1709
  0.4396   3.0772   2.9693   2.0582
  0.5652   0.0628   2.9072   2.0530
  0.5652   0.1884   3.0318   2.1582
  0.5652   0.3140   3.1533   2.2608
  0.5652   0.4396   3.2701   2.3594
  0.5652   0.5652   3.3801   2.4523
  0.5652   0.6908   3.4816   2.5381
  0.5652   0.8164   3.5732   2.6154
  0.5652   0.9420   3.6532   2.6830
  0.5652   1.0676   3.7205   2.7398
  0.5652   1.1932   3.7740   2.7850
  0.5652   1.3188   3.8129   2.8178
  0.5652   1.4444   3.8365   2.8377
  0.5652   1.5700   3.8445   2.8445
  0.5652   1.6956   3.8367   2.8379
  0.5652   1.8212   3.8133   2.8181
  0.5652   1.9468   3.7746   2.7855
  0.5652   2.0724   3.7213   2.7405
  0.5652   2.1980   3.6542   2.6838
  0.5652   2.3236   3.5743   2.6163
  0.5652   2.4492   3.4829   2.5391
  0.5652   2.5748   3.3814   2.4534
  0.5652   2.7004   3.2715   2.3606
  0.5652   2.8260   3.1549   2.2621
  0.5652   2.9516   3.0333   2.1595
  0.5652   3.0772   2.9088   2.0543
  0.6908   0.0628   2.8335   2.0484
  0.6908   0.1884   2.9580   2.1443
  0.6908   0.3140   3.0796   2.2381
  0.6908   0.4396   3.1963   2.3280
  0.6908   0.5652   3.3063   2.4128
  0.6908   0.6908   3.4079   2.4911
  0.6908   0.8164   3.4994   2.5616
  0.6908   0.9420   3.5795   2.6233
  0.6908   1.0676   3.6468   2.6752
  0.6908   1.1932   3.7003   2.7164
  0.6908   1.3188   3.7392   2.7464
  0.6908   1.4444   3.7628   2.7646
  0.6908   1.5700   3.7707   2.7707
  0.6908   1.6956   3.7630   2.7647
  0.6908   1.8212   3.7395   2.7467
  0.6908   1.9468   3.7009   2.7169
  0.6908   2.0724   3.6475   2.6758
  0.6908   2.1980   3.5804   2.6240
  0.6908   2.3236   3.5005   2.5625
  0.6908   2.4492   3.4091   2.4920
  0.6908   2.5748   3.3077   2.4138
  0.6908   2.7004   3.1978   2.3291
  0.6908   2.8260   3.0811   2.2392
  0.6908   2.9516   2.9596   2.1456
  0.6908   3.0772   2.8351   2.0496
  0.8164   0.0628   2.7476   2.0430
  0.8164   0.1884   2.8721   2.1283
  0.8164   0.3140   2.9937   2.2115
  0.8164   0.4396   3.1104   2.2915
  0.8164   0.5652   3.2204   2.3668
  0.8164   0.6908   3.3220   2.4364
  0.8164   0.8164   3.4135   2.4990
  0.8164   0.9420   3.4936   2.5539
  0.8164   1.0676   3.5609   2.6000
  0.8164   1.1932   3.6144   2.6366
  0.8164   1.3188   3.6533   2.6632
  0.8164   1.4444   3.6769   2.6794
  0.8164   1.5700   3.6848   2.6848
  0.8164   1.6956   3.6771   2.6795
  0.8164   1.8212   3.6537   2.6635
  0.8164   1.9468   3.6150   2.6370
  0.8164   2.0724   3.5617   2.6005
  0.8164   2.1980   3.4945   2.5545
  0.8164   2.3236   3.4146   2.4998
  0.8164   2.4492   3.3232   2.4372
  0.8164   2.5748   3.2218   2.3677
  0.8164   2.7004   3.1119   2.2924
  0.8164   2.8260   2.9952   2.2126
  0.8164   2.9516   2.8737   2.1293
  0.8164   3.0772   2.7492   2.0441
  0.9420   0.0628   2.6509   2.0369
  0.9420   0.1884   2.7755   2.1102
  0.9420   0.3140   2.8970   2.1817
  0.9420   0.4396   3.0137   2.2503
  0.9420   0.5652   3.1238   2.3150
  0.9420   0.6908   3.2253   2.3748
  0.9420   0.8164   3.3169   2.4286
  0.9420   0.9420   3.3969   2.4757
  0.9420   1.0676   3.4642   2.5153
  0.9420   1.1932   3.5177   2.5467
  0.9420   1.3188   3.5566   2.5696
  0.9420   1.4444   3.5802   2.5835
  0.9420   1.5700   3.5882   2.5882
  0.9420   1.6956   3.5804   2.5836
  0.9420   1.8212   3.5570   2.5698
  0.9420   1.9468   3.5183   2.5471
  0.9420   2.0724   3.4650   2.5157
  0.9420   2.1980   3.3978   2.4762
  0.9420   2.3236   3.3179   2.4292
  0.9420   2.4492   3.2266   2.3755
  0.9420   2.5748   3.1251   2.3158
  0.9420   2.7004   3.0152   2.2512
  0.9420   2.8260   2.8986   2.1826
  0.9420   2.9516   2.7770   2.1111
  0.9420   3.0772   2.6525   2.0378
  1.0676   0.0628   2.5450   2.0303
  1.0676   0.1884   2.6695   2.0903
  1.0676   0.3140   2.7911   2.1489
  1.0676   0.4396   2.9078   2.2052
  1.0676   0.5652   3.0178   2.2583
  1.0676   0.6908   3.1194   2.3073
  1.0676   0.8164   3.2109   2.3514
  1.0676   0.9420   3.2910   2.3900
  1.0676   1.0676   3.3583   2.4225
  1.0676   1.1932   3.4118   2.4483
  1.0676   1.3188   3.4506   2.4670
  1.0676   1.4444   3.4743   2.4784
  1.0676   1.5700   3.4822   2.4822
  1.0676   1.6956   3.4745   2.4785
  1.0676   1.8212   3.4510   2.4672
  1.0676   1.9468   3.4124   2.4485
  1.0676   2.0724   3.3590   2.4228
  1.0676   2.1980   3.2919   2.3904
  1.0676   2.3236   3.2120   2.3519
  1.0676   2.4492   3.1206   2.3078
  1.0676   2.5748   3.0192   2.2589
  1.0676   2.7004   2.9092   2.2059
  1.0676   2.8260   2.7926   2.1497
  1.0676   2.9516   2.6711   2.0911
  1.0676   3.0772   2.5466   2.0310
  1.1932   0.0628   2.4314   2.0231
  1.1932   0.1884   2.5560   2.0691
  1.1932   0.3140   2.6776   2.1139
  1.1932   0.4396   2.7943   2.1569
  1.1932   0.5652   2.9043   2.1975
  1.1932   0.6908   3.0058   2.2349
  1.1932   0.8164   3.0974   2.2687
  1.1932   0.9420   3.1774   2.2982
  1.1932   1.0676   3.2447   2.3230
  1.1932   1.1932   3.2982   2.3427
  1.1932   1.3188   3.3371   2.3570
  1.1932   1.4444   3.3607   2.3657
  1.1932   1.5700   3.3687   2.3687
  1.1932   1.6956   3.3609   2.3658
  1.1932   1.8212   3.3375   2.3572
  1.1932   1.9468   3.2988   2.3429
  1.1932   2.0724   3.2455   2.3233
  1.1932   2.1980   3.1784   2.2985
  1.1932   2.3236   3.0985   2.2691
  1.1932   2.4492   3.0071   2.2354
  1.1932   2.5748   2.9056   2.1980
  1.1932   2.7004   2.7957   2.1574
  1.1932   2.8260   2.6791   2.1144
  1.1932   2.9516   2.5575   2.0696
  1.1932   3.0772   2.4330   2.0237
  1.3188   0.0628   2.3121   2.0156
  1.3188   0.1884   2.4366   2.0467
  1.3188   0.3140   2.5582   2.0770
  1.3188   0.4396   2.6749   2.1061
  1.3188   0.5652   2.7849   2.1335
  1.3188   0.6908   2.8865   2.1589
  1.3188   0.8164   2.9780   2.1817
  1.3188   0.9420   3.0581   2.2016
  1.3188   1.0676   3.1254   2.2184
  1.3188   1.1932   3.1789   2.2318
  1.3188   1.3188   3.2178   2.2415
  1.3188   1.4444   3.2414   2.2473
  1.3188   1.5700   3.2493   2.2493
  1.3188   1.6956   3.2416   2.2474
  1.3188   1.8212   3.2182   2.2416
  1.3188   1.9468   3.1795   2.2319
  1.3188   2.0724   3.1262   2.2186
  1.3188   2.1980   3.0590   2.2019
  1.3188   2.3236   2.9791   2.1820
  1.3188   2.4492   2.8877   2.1592
  1.3188   2.5748   2.7863   2.1339
  1.3188   2.7004   2.6764   2.1065
  1.3188   2.8260   2.5597   2.0774
  1.3188   2.9516   2.4382   2.0471
  1.3188   3.0772   2.3137   2.0160
  1.4444   0.0628   2.1888   2.0079
  1.4444   0.1884   2.3133   2.0236
  1.4444   0.3140   2.4349   2.0389
  1.4444   0.4396   2.5516   2.0536
  1.4444   0.5652   2.6616   2.0675
  1.4444   0.6908   2.7632   2.0803
  1.4444   0.8164   2.8547   2.0919
  1.4444   0.9420   2.9348   2.1019
  1.4444   1.0676   3.0021   2.1104
  1.4444   1.1932   3.0556   2.1172
  1.4444   1.3188   3.0945   2.1221
  1.4444   1.4444   3.1181   2.1251
  1.4444   1.5700   3.1261   2.1261
  1.4444   1.6956   3.1183   2.1251
  1.4444   1.8212   3.0949   2.1221
  1.4444   1.9468   3.0562   2.1173
  1.4444   2.0724   3.0029   2.1105
  1.4444   2.1980   2.9357   2.1021
  1.4444   2.3236   2.8558   2.0920
  1.4444   2.4492   2.7644   2.0805
  1.4444   2.5748   2.6630   2.0677
  1.4444   2.7004   2.5531   2.0538
  1.4444   2.8260   2.4364   2.0391
  1.4444   2.9516   2.3149   2.0238
  1.4444   3.0772   2.1904   2.0081
  1.5700   0.0628   2.0636   2.0000
  1.5700   0.1884   2.1881   2.0001
  1.5700   0.3140   2.3097   2.0002
  1.5700   0.4396   2.4264   2.0003
  1.5700   0.5652   2.5364   2.0004
  1.5700   0.6908   2.6380   2.0005
  1.5700   0.8164   2.7295   2.0006
  1.5700   0.9420   2.8095   2.0006
  1.5700   1.0676   2.8768   2.0007
  1.5700   1.1932   2.9303   2.0007
  1.5700   1.3188   2.9692   2.0008
  1.5700   1.4444   2.9928   2.0008
  1.5700   1.5700   3.0008   2.0008
  1.5700   1.6956   2.9930   2.0008
  1.5700   1.8212   2.9696   2.0008
  1.5700   1.9468   2.9309   2.0007
  1.5700   2.0724   2.8776   2.0007
  1.5700   2.1980   2.8105   2.0006
  1.5700   2.3236   2.7306   2.0006
  1.5700   2.4492   2.6392   2.0005
  1.5700   2.5748   2.5377   2.0004
  1.5700   2.7004   2.4278   2.0003
  1.5700   2.8260   2.3112   2.0002
  1.5700   2.9516   2.1896   2.0002
  1.5700   3.0772   2.0651   2.0001
  1.6956   0.0628   1.9383   1.9922
  1.6956   0.1884   2.0628   1.9767
  1.6956   0.3140   2.1844   1.9616
  1.6956   0.4396   2.3011   1.9470
  1.6956   0.5652   2.4111   1.9333
  1.6956   0.6908   2.5127   1.9207
  1.6956   0.8164   2.6042   1.9093
  1.6956   0.9420   2.6843   1.8993
  1.6956   1.0676   2.7516   1.8909
  1.6956   1.1932   2.8051   1.8843
  1.6956   1.3188   2.8439   1.8795
  1.6956   1.4444   2.8675   1.8765
  1.6956   1.5700   2.8755   1.8755
  1.6956   1.6956   2.8677   1.8765
  1.6956   1.8212   2.8443   1.8794
  1.6956   1.9468   2.8057   1.8842
  1.6956   2.0724   2.7523   1.8909
  1.6956   2.1980   2.6852   1.8992
  1.6956   2.3236   2.6053   1.9092
  1.6956   2.4492   2.5139   1.9205
  1.6956   2.5748   2.4124   1.9332
  1.6956   2.7004   2.3025   1.9468
  1.6956   2.8260   2.1859   1.9614
  1.6956   2.9516   2.0644   1.9765
  1.6956   3.0772   1.9399   1.9920
  1.8212   0.0628   1.8150   1.9844
  1.8212   0.1884   1.9395   1.9536
  1.8212   0.3140   2.0611   1.9235
  1.8212   0.4396   2.1778   1.8945
  1.8212   0.5652   2.2878   1.8673
  1.8212   0.6908   2.3894   1.8421
  1.8212   0.8164   2.4809   1.8194
  1.8212   0.9420   2.5609   1.7996
  1.8212   1.0676   2.6283   1.7829
  1.8212   1.1932   2.6818   1.7697
  1.8212   1.3188   2.7206   1.7600
  1.8212   1.4444   2.7442   1.7542
  1.8212   1.5700   2.7522   1.7522
  1.8212   1.6956   2.7444   1.7541
  1.8212   1.8212   2.7210   1.7599
  1.8212   1.9468   2.6823   1.7695
  1.8212   2.0724   2.6290   1.7827
  1.8212   2.1980   2.5619   1.7994
  1.8212   2.3236   2.4820   1.8192
  1.8212   2.4492   2.3906   1.8418
  1.8212   2.5748   2.2891   1.8670
  1.8212   2.7004   2.1792   1.8942
  1.8212   2.8260   2.0626   1.9231
  1.8212   2.9516   1.9411   1.9532
  1.8212   3.0772   1.8166   1.9841
  1.9468   0.0628   1.6956   1.9770
  1.9468   0.1884   1.8201   1.9312
  1.9468   0.3140   1.9417   1.8866
  1.9468   0.4396   2.0584   1.8437
  1.9468   0.5652   2.1684   1.8033
  1.9468   0.6908   2.2699   1.7660
  1.9468   0.8164   2.3615   1.7324
  1.9468   0.9420   2.4415   1.7030
  1.9468   1.0676   2.5088   1.6783
  1.9468   1.1932   2.5623   1.6587
  1.9468   1.3188   2.6012   1.6444
  1.9468   1.4444   2.6248   1.6357
  1.9468   1.5700   2.6328   1.6328
  1.9468   1.6956   2.6250   1.6356
  1.9468   1.8212   2.6016   1.6442
  1.9468   1.9468   2.5629   1.6584
  1.9468   2.0724   2.5096   1.6780
  1.9468   2.1980   2.4425   1.7027
  1.9468   2.3236   2.3626   1.7320
  1.9468   2.4492   2.2712   1.7656
  1.9468   2.5748   2.1697   1.8028
  1.9468   2.7004   2.0598   1.8432
  1.9468   2.8260   1.9432   1.8860
  1.9468   2.9516   1.8216   1.9307
  1.9468   3.0772   1.6971   1.9764
  2.0724   0.0628   1.5819   1.9698
  2.0724   0.1884   1.7065   1.9099
  2.0724   0.3140   1.8280   1.8515
  2.0724   0.4396   1.9447   1.7954
  2.0724   0.5652   2.0548   1.7425
  2.0724   0.6908   2.1563   1.6936
  2.0724   0.8164   2.2479   1.6496
  2.0724   0.9420   2.3279   1.6111
  2.0724   1.0676   2.3952   1.5788
  2.0724   1.1932   2.4487   1.5530
  2.0724   1.3188   2.4876   1.5344
  2.0724   1.4444   2.5112   1.5230
  2.0724   1.5700   2.5192   1.5192
  2.0724   1.6956   2.5114   1.5229
  2.0724   1.8212   2.4880   1.5342
  2.0724   1.9468   2.4493   1.5528
  2.0724   2.0724   2.3960   1.5784
  2.0724   2.1980   2.3288   1.6107
  2.0724   2.3236   2.2489   1.6491
  2.0724   2.4492   2.1575   1.6930
  2.0724   2.5748   2.0561   1.7418
  2.0724   2.7004   1.9462   1.7947
  2.0724   2.8260   1.8295   1.8508
  2.0724   2.9516   1.7080   1.9092
  2.0724   3.0772   1.5835   1.9691
  2.1980   0.0628   1.4759   1.9632
  2.1980   0.1884   1.6004   1.8901
  2.1980   0.3140   1.7220   1.8187
  2.1980   0.4396   1.8387   1.7502
  2.1980   0.5652   1.9487   1.6857
  2.1980   0.6908   2.0503   1.6261
  2.1980   0.8164   2.1418   1.5723
  2.1980   0.9420   2.2219   1.5254
  2.1980   1.0676   2.2892   1.4859
  2.1980   1.1932   2.3427   1.4545
  2.1980   1.3188   2.3815   1.4317
  2.1980   1.4444   2.4051   1.4178
  2.1980   1.5700   2.4131   1.4131
  2.1980   1.6956   2.4053   1.4177
  2.1980   1.8212   2.3819   1.4314
  2.1980   1.9468   2.3433   1.4541
  2.1980   2.0724   2.2899   1.4854
  2.1980   2.1980   2.2228   1.5248
  2.1980   2.3236   2.1429   1.5717
  2.1980   2.4492   2.0515   1.6253
  2.1980   2.5748   1.9500   1.6849
  2.1980   2.7004   1.8401   1.7494
  2.1980   2.8260   1.7235   1.8178
  2.1980   2.9516   1.6020   1.8892
  2.1980   3.0772   1.4775   1.9622
  2.3236   0.0628   1.3791   1.9571
  2.3236   0.1884   1.5036   1.8720
  2.3236   0.3140   1.6252   1.7888
  2.3236   0.4396   1.7419   1.7090
  2.3236   0.5652   1.8519   1.6338
  2.3236   0.6908   1.9535   1.5644
  2.3236   0.8164   2.0450   1.5018
  2.3236   0.9420   2.1250   1.4471
  2.3236   1.0676   2.1924   1.4011
  2.3236   1.1932   2.2459   1.3645
  2.3236   1.3188   2.2847   1.3379
  2.3236   1.4444   2.3083   1.3218
  2.3236   1.5700   2.3163   1.3163
  2.3236   1.6956   2.3085   1.3216
  2.3236   1.8212   2.2851   1.3376
  2.3236   1.9468   2.2465   1.3641
  2.3236   2.0724   2.1931   1.4005
  2.3236   2.1980   2.1260   1.4464
  2.3236   2.3236   2.0461   1.5011
  2.3236   2.4492   1.9547   1.5635
  2.3236   2.5748   1.8532   1.6329
  2.3236   2.7004   1.7433   1.7081
  2.3236   2.8260   1.6267   1.7878
  2.3236   2.9516   1.5052   1.8709
  2.3236   3.0772   1.3807   1.9560
  2.4492   0.0628   1.2930   1.9517
  2.4492   0.1884   1.4176   1.8558
  2.4492   0.3140   1.5391   1.7623
  2.4492   0.4396   1.6559   1.6724
  2.4492   0.5652   1.7659   1.5877
  2.4492   0.6908   1.8674   1.5096
  2.4492   0.8164   1.9590   1.4391
  2.4492   0.9420   2.0390   1.3775
  2.4492   1.0676   2.1063   1.3257
  2.4492   1.1932   2.1598   1.2845
  2.4492   1.3188   2.1987   1.2546
  2.4492   1.4444   2.2223   1.2364
  2.4492   1.5700   2.2303   1.2303
  2.4492   1.6956   2.2225   1.2363
  2.4492   1.8212   2.1991   1.2543
  2.4492   1.9468   2.1604   1.2841
  2.4492   2.0724   2.1071   1.3251
  2.4492   2.1980   2.0400   1.3768
  2.4492   2.3236   1.9601   1.4383
  2.4492   2.4492   1.8687   1.5086
  2.4492   2.5748   1.7672   1.5867
  2.4492   2.7004   1.6573   1.6713
  2.4492   2.8260   1.5407   1.7611
  2.4492   2.9516   1.4191   1.8546
  2.4492   3.0772   1.2946   1.9505
  2.5748   0.0628   1.2191   1.9471
  2.5748   0.1884   1.3437   1.8420
  2.5748   0.3140   1.4652   1.7394
  2.5748   0.4396   1.5820   1.6410
  2.5748   0.5652   1.6920   1.5482
  2.5748   0.6908   1.7935   1.4625
  2.5748   0.8164   1.8851   1.3853
  2.5748   0.9420   1.9651   1.3177
  2.5748   1.0676   2.0324   1.2609
  2.5748   1.1932   2.0859   1.2158
  2.5748   1.3188   2.1248   1.1830
  2.5748   1.4444   2.1484   1.1631
  2.5748   1.5700   2.1564   1.1564
  2.5748   1.6956   2.1486   1.1629
  2.5748   1.8212   2.1252   1.1827
  2.5748   1.9468   2.0865   1.2153
  2.5748   2.0724   2.0332   1.2603
  2.5748   2.1980   1.9660   1.3169
  2.5748   2.3236   1.8861   1.3843
  2.5748   2.4492   1.7948   1.4614
  2.5748   2.5748   1.6933   1.5470
  2.5748   2.7004   1.5834   1.6398
  2.5748   2.8260   1.4668   1.7382
  2.5748   2.9516   1.3452   1.8407
  2.5748   3.0772   1.2207   1.9457
  2.7004   0.0628   1.1585   1.9433
  2.7004   0.1884   1.2830   1.8306
  2.7004   0.3140   1.4046   1.7207
  2.7004   0.4396   1.5213   1.6152
  2.7004   0.5652   1.6313   1.5157
  2.7004   0.6908   1.7329   1.4239
  2.7004   0.8164   1.8244   1.3411
  2.7004   0.9420   1.9045   1.2687
  2.7004   1.0676   1.9718   1.2078
  2.7004   1.1932   2.0253   1.1595
  2.7004   1.3188   2.0642   1.1243
  2.7004   1.4444   2.0878   1.1030
  2.7004   1.5700   2.0958   1.0958
  2.7004   1.6956   2.0880   1.1028
  2.7004   1.8212   2.0646   1.1240
  2.7004   1.9468   2.0259   1.1589
  2.7004   2.0724   1.9726   1.2071
  2.7004   2.1980   1.9054   1.2679
  2.7004   2.3236   1.8255   1.3401
  2.7004   2.4492   1.7341   1.4227
  2.7004   2.5748   1.6327   1.5145
  2.7004   2.7004   1.5228   1.6139
  2.7004   2.8260   1.4061   1.7193
  2.7004   2.9516   1.2846   1.8292
  2.7004   3.0772   1.1601   1.9418
  2.8260   0.0628   1.1121   1.9403
  2.8260   0.1884   1.2367   1.8220
  2.8260   0.3140   1.3583   1.7064
  2.8260   0.4396   1.4750   1.5954
  2.8260   0.5652   1.5850   1.4909
  2.8260   0.6908   1.6865   1.3943
  2.8260   0.8164   1.7781   1.3073
  2.8260   0.9420   1.8581   1.2312
  2.8260   1.0676   1.9254   1.1672
  2.8260   1.1932   1.9789   1.1164
  2.8260   1.3188   2.0178   1.0794
  2.8260   1.4444   2.0414   1.0570
  2.8260   1.5700   2.0494   1.0494
  2.8260   1.6956   2.0416   1.0568
  2.8260   1.8212   2.0182   1.0790
  2.8260   1.9468   1.9795   1.1158
  2.8260   2.0724   1.9262   1.1665
  2.8260   2.1980   1.8591   1.2303
  2.8260   2.3236   1.7792   1.3063
  2.8260   2.4492   1.6878   1.3931
  2.8260   2.5748   1.5863   1.4896
  2.8260   2.7004   1.4764   1.5941
  2.8260   2.8260   1.3598   1.7049
  2.8260   2.9516   1.2382   1.8205
  2.8260   3.0772   1.1137   1.9388
  2.9516   0.0628   1.0808   1.9384
  2.9516   0.1884   1.2053   1.8161
  2.9516   0.3140   1.3269   1.6967
  2.9516   0.4396   1.4436   1.5821
  2.9516   0.5652   1.5536   1.4741
  2.9516   0.6908   1.6551   1.3743
  2.9516   0.8164   1.7467   1.2844
  2.9516   0.9420   1.8267   1.2058
  2.9516   1.0676   1.8940   1.1397
  2.9516   1.1932   1.9475   1.0872
  2.9516   1.3188   1.9864   1.0490
  2.9516   1.4444   2.0100   1.0258
  2.9516   1.5700   2.0180   1.0180
  2.9516   1.6956   2.0102   1.0256
  2.9516   1.8212   1.9868   1.0486
  2.9516   1.9468   1.9481   1.0866
  2.9516   2.0724   1.8948   1.1390
  2.9516   2.1980   1.8277   1.2049
  2.9516   2.3236   1.7478   1.2834
  2.9516   2.4492   1.6564   1.3731
  2.9516   2.5748   1.5549   1.4727
  2.9516   2.7004   1.4450   1.5807
  2.9516   2.8260   1.3284   1.6952
  2.9516   2.9516   1.2068   1.8145
  2.9516   3.0772   1.0823   1.9368
  3.0772   0.0628   1.0648   1.9374
  3.0772   0.1884   1.1894   1.8131
  3.0772   0.3140   1.3109   1.6918
  3.0772   0.4396   1.4277   1.5753
  3.0772   0.5652   1.5377   1.4655
  3.0772   0.6908   1.6392   1.3642
  3.0772   0.8164   1.7308   1.2728
  3.0772   0.9420   1.8108   1.1929
  3.0772   1.0676   1.8781   1.1258
  3.0772   1.1932   1.9316   1.0724
  3.0772   1.3188   1.9705   1.0336
  3.0772   1.4444   1.9941   1.0100
  3.0772   1.5700   2.0021   1.0021
  3.0772   1.6956   1.9943   1.0098
  3.0772   1.8212   1.9709   1.0332
  3.0772   1.9468   1.9322   1.0718
  3.0772   2.0724   1.8789   1.1250
  3.0772   2.1980   1.8117   1.1920
  3.0772   2.3236   1.7318   1.2717
  3.0772   2.4492   1.6405   1.3629
  3.0772   2.5748   1.5390   1.4642
  3.0772   2.7004   1.4291   1.5739
  3.0772   2.8260   1.3125   1.6903
  3.0772   2.9516   1.1909   1.8115
  3.0772   3.0772   1.0664   1.9358
